  7.1500082e+001
  7.0750082e+001
  7.0000082e+001
  6.9624962e+001
  6.9374880e+001
  6.8749918e+001
  6.7999918e+001
  6.8749918e+001
  6.7999918e+001
  6.8250000e+001
  6.8749918e+001
  6.7500000e+001
  6.8250000e+001
  6.9875038e+001
  7.0500000e+001
  6.9000000e+001
  6.7999918e+001
  6.6624962e+001
  6.6499918e+001
  6.5250000e+001
  6.5124962e+001
  6.5625120e+001
  6.6750000e+001
  6.5749918e+001
  6.5250000e+001
  6.5243475e+001
  6.6499918e+001
  6.6250082e+001
  6.8500082e+001
  6.7999918e+001
  6.8006718e+001
  6.7750082e+001
  6.7625038e+001
  6.8124962e+001
  6.9750000e+001
  7.0000082e+001
  6.9750000e+001
  7.0874880e+001
  7.2125038e+001
  7.3249918e+001
  7.3000082e+001
  7.2374880e+001
  7.3125120e+001
  7.3374962e+001
  7.3625038e+001
  7.2875038e+001
  7.2750000e+001
  7.2499918e+001
  7.1749918e+001
  7.0999918e+001
  7.0249918e+001
  6.9750000e+001
  6.9875038e+001
  6.7999918e+001
  6.7500000e+001
  6.7374962e+001
  6.8250000e+001
  7.1375038e+001
  7.0500000e+001
  7.0999918e+001
  7.0625038e+001
  7.1124962e+001
  7.2000000e+001
  7.1749918e+001
  7.1500082e+001
  7.1124962e+001
  7.0999918e+001
  7.0249918e+001
  6.9750000e+001
  6.9624962e+001
  6.9125038e+001
  6.8500082e+001
  6.8124962e+001
  6.7500000e+001
  6.7493250e+001
  6.7249918e+001
  6.4750082e+001
  6.3250082e+001
  6.4000082e+001
  6.4006482e+001
  6.3750000e+001
  6.4500000e+001
  6.4625038e+001
  6.4000082e+001
  6.1000082e+001
  5.9625120e+001
  6.0624962e+001
  6.1625038e+001
  6.1125120e+001
  6.0499918e+001
  6.0624962e+001
  5.8999918e+001
  5.6749918e+001
  5.8125120e+001
  5.8119307e+001
  5.7624962e+001
  5.7000000e+001
  5.6124962e+001
  5.4000000e+001
  5.0749918e+001
  4.9999918e+001
  5.1875038e+001
  5.1750000e+001
  5.3250000e+001
  5.5625038e+001
  5.4374880e+001
  5.5500000e+001
  5.3749918e+001
  5.2625038e+001
  5.3250000e+001
  5.3255325e+001
  5.2625038e+001
  5.0250000e+001
  5.1000000e+001
  5.1125038e+001
  5.2249918e+001
  5.2625038e+001
  5.5000082e+001
  5.5500000e+001
  5.4499918e+001
  5.2249918e+001
  4.9999918e+001
  5.0625120e+001
  5.1125038e+001
  5.1119925e+001
  5.0500082e+001
  5.0749918e+001
  5.0375038e+001
  4.8499918e+001
  4.8374880e+001
  4.8000000e+001
  4.8499918e+001
  4.8504768e+001
  4.9374962e+001
  4.9249918e+001
  4.8750000e+001
  4.8499918e+001
  4.9999918e+001
  5.0250000e+001
  4.9125120e+001
  4.9000082e+001
  4.9750082e+001
  4.9000082e+001
  4.8624962e+001
  4.9000082e+001
  4.9249918e+001
  4.9244993e+001
  5.0500082e+001
  4.9500000e+001
  4.9374962e+001
  4.9874880e+001
  4.9000082e+001
  4.9249918e+001
  4.8125038e+001
  4.7749921e+001
  4.7375041e+001
  4.7250000e+001
  4.7625120e+001
  4.7629883e+001
  4.7874959e+001
  4.8875038e+001
  4.9000082e+001
  4.9874880e+001
  5.1374880e+001
  5.1499918e+001
  5.2249918e+001
  5.0749918e+001
  5.1000000e+001
  5.1250082e+001
  5.1244957e+001
  5.1250082e+001
  5.3749918e+001
  5.5000082e+001
  5.5005582e+001
  5.5000082e+001
  5.5500000e+001
  5.5125120e+001
  5.4374880e+001
  5.1875038e+001
  5.2249918e+001
  5.1499918e+001
  5.2500000e+001
  5.1750000e+001
  5.2999918e+001
  5.3124962e+001
  5.1125038e+001
  5.0874962e+001
  5.0124962e+001
  5.0250000e+001
  4.9999918e+001
  5.0375038e+001
  5.1250082e+001
  5.2874880e+001
  5.4000000e+001
  5.4875038e+001
  5.5874880e+001
  5.4499918e+001
  5.3749918e+001
  5.3375038e+001
  5.3124962e+001
  5.2500000e+001
  5.1499918e+001
  5.1250082e+001
  5.1750000e+001
  5.2125120e+001
  5.2500000e+001
  5.3124962e+001
  5.2249918e+001
  5.2374962e+001
  5.2369725e+001
  5.2625038e+001
  5.2999918e+001
  5.3500082e+001
  5.4750000e+001
  5.4755475e+001
  5.4624962e+001
  5.3250000e+001
  5.4875038e+001
  5.4624962e+001
  5.5750082e+001
  5.4000000e+001
  5.2000082e+001
  5.1250082e+001
  5.1244957e+001
  5.0375038e+001
  5.0874962e+001
  5.1374880e+001
  5.1875038e+001
  5.2500000e+001
  5.1750000e+001
  5.2125120e+001
  5.2999918e+001
  5.3749918e+001
  5.5000082e+001
  5.5625038e+001
  5.6874962e+001
  5.7750000e+001
  5.7624962e+001
  5.6250000e+001
  5.7250082e+001
  5.7000000e+001
  5.8500000e+001
  5.8625038e+001
  5.8500000e+001
  5.8000082e+001
  5.7374880e+001
  5.7750000e+001
  5.8374962e+001
  5.8125120e+001
  5.8874880e+001
  5.8500000e+001
  5.8125120e+001
  5.7750000e+001
  5.7250082e+001
  5.6375038e+001
  5.7750000e+001
  5.8249918e+001
  5.9500082e+001
  6.0750000e+001
  6.1500000e+001
  6.1249918e+001
  6.3000000e+001
  6.2124962e+001
  6.3250082e+001
  6.2874962e+001
  6.1874880e+001
  6.1999918e+001
  6.2250000e+001
  6.3624962e+001
  6.5500082e+001
  6.5250000e+001
  6.6000000e+001
  6.6006600e+001
  6.5749918e+001
  6.5375038e+001
  6.5500082e+001
  6.5625120e+001
  6.5375038e+001
  6.5500082e+001
  6.6000000e+001
  6.4999918e+001
  6.4993418e+001
  6.4750082e+001
  6.4500000e+001
  6.4874880e+001
  6.5250000e+001
  6.5256525e+001
  6.4999918e+001
  6.4500000e+001
  6.4493550e+001
  6.3750000e+001
  6.4500000e+001
  6.4000082e+001
  6.3125038e+001
  6.3499918e+001
  6.3000000e+001
  6.3374880e+001
  6.3000000e+001
  6.1999918e+001
  6.2006118e+001
  6.1500000e+001
  6.1374962e+001
  6.2749918e+001
  6.3499918e+001
  6.4625038e+001
  6.4750082e+001
  6.4999918e+001
  6.5500082e+001
  6.5250000e+001
  6.5243475e+001
  6.4874880e+001
  6.4750082e+001
  6.4500000e+001
  6.4625038e+001
  6.3250082e+001
  6.2500082e+001
  6.2874962e+001
  6.2881249e+001
  6.1999918e+001
  6.1874880e+001
  6.1000082e+001
  6.0750000e+001
  5.9749918e+001
  6.0750000e+001
  6.1374962e+001
  6.3250082e+001
  6.4999918e+001
  6.4993418e+001
  6.5250000e+001
  6.5500082e+001
  6.6000000e+001
  6.8250000e+001
  6.7999918e+001
  6.7000082e+001
  6.6499918e+001
  6.5250000e+001
  6.4999918e+001
  6.5625120e+001
  6.5375038e+001
  6.4999918e+001
  6.5500082e+001
  6.5506632e+001
  6.6499918e+001
  6.9000000e+001
  7.0000082e+001
  6.8250000e+001
  6.9000000e+001
  6.8250000e+001
  6.8500082e+001
  6.8625120e+001
  6.8749918e+001
  6.8500082e+001
  6.7374962e+001
  6.7249918e+001
  6.7750082e+001
  6.8250000e+001
  6.8124962e+001
  6.8500082e+001
  6.8250000e+001
  6.6499918e+001
  6.5500082e+001
  6.4750082e+001
  6.3750000e+001
  6.1750082e+001
  6.3250082e+001
  6.3000000e+001
  6.0750000e+001
  6.1750082e+001
  6.3250082e+001
  6.1750082e+001
  5.9625120e+001
  5.9749918e+001
  6.0000000e+001
  5.9994000e+001
  6.0374880e+001
  6.2375038e+001
  6.1500000e+001
  6.1625038e+001
  6.1500000e+001
  6.2250000e+001
  6.1999918e+001
  6.2124962e+001
  6.1500000e+001
  6.1506150e+001
  6.1125120e+001
  6.1500000e+001
  6.0250082e+001
  5.9500082e+001
  5.6749918e+001
  5.7499918e+001
  5.7125038e+001
  5.7000000e+001
  5.6500082e+001
  5.5000082e+001
  5.3124962e+001
  5.1499918e+001
  5.1494768e+001
  5.1499918e+001
  5.0874962e+001
  5.2000082e+001
  5.2999918e+001
  5.2374962e+001
  5.2380199e+001
  5.2750082e+001
  5.2374962e+001
  5.0874962e+001
  5.1250082e+001
  5.1000000e+001
  5.2249918e+001
  5.1000000e+001
  5.4499918e+001
  5.3749918e+001
  5.1750000e+001
  5.2249918e+001
  5.2374962e+001
  5.3250000e+001
  5.5249918e+001
  5.6375038e+001
  5.5625038e+001
  5.5500000e+001
  5.5000082e+001
  5.4250082e+001
  5.3250000e+001
  5.2000082e+001
  5.2374962e+001
  5.1499918e+001
  5.2000082e+001
  5.1994882e+001
  5.2625038e+001
  5.1750000e+001
  5.1624962e+001
  5.2000082e+001
  5.1499918e+001
  5.1505068e+001
  5.1374880e+001
  5.1875038e+001
  5.1499918e+001
  5.2000082e+001
  5.1499918e+001
  5.0250000e+001
  4.9999918e+001
  4.8000000e+001
  4.5499921e+001
  4.5750000e+001
  4.6125120e+001
  4.6000079e+001
  4.7500079e+001
  4.6999921e+001
  4.6995221e+001
  4.6999921e+001
  4.7124959e+001
  4.7129671e+001
  4.6750079e+001
  4.6745404e+001
  4.6750079e+001
  4.6999921e+001
  4.6500000e+001
  4.6249921e+001
  4.6254546e+001
  4.6000079e+001
  4.4250000e+001
  4.3625041e+001
  4.3750079e+001
  4.3999921e+001
  4.3000079e+001
  4.0999921e+001
  4.2000000e+001
  4.1625120e+001
  4.0625041e+001
  3.9250079e+001
  3.8500079e+001
  3.6750000e+001
  3.7625041e+001
  3.8375041e+001
  3.8124959e+001
  3.8375041e+001
  3.7625041e+001
  3.6750000e+001
  3.7000079e+001
  3.7999921e+001
  3.7996121e+001
  3.7500000e+001
  3.9624959e+001
  4.0374959e+001
  4.0125120e+001
  4.0625041e+001
  4.1250000e+001
  4.3750079e+001
  4.2499921e+001
  4.1500079e+001
  4.1375041e+001
  4.1874959e+001
  4.2875041e+001
  4.1500079e+001
  4.1504229e+001
  4.2250079e+001
  4.3625041e+001
  4.5250079e+001
  4.5125041e+001
  4.4250000e+001
  4.3999921e+001
  4.4124959e+001
  4.3625041e+001
  4.3750079e+001
  4.3500000e+001
  4.3374959e+001
  4.3625041e+001
  4.3500000e+001
  4.4250000e+001
  4.5499921e+001
  4.6500000e+001
  4.5250079e+001
  4.5374880e+001
  4.5250079e+001
  4.4749921e+001
  4.4375041e+001
  4.5125041e+001
  4.5875041e+001
  4.6000079e+001
  4.5250079e+001
  4.3500000e+001
  4.4500079e+001
  4.4250000e+001
  4.5250079e+001
  4.4874959e+001
  4.4500079e+001
  4.3750079e+001
  4.2499921e+001
  4.0999921e+001
  4.0249921e+001
  3.9125041e+001
  4.1625120e+001
  4.1500079e+001
  4.2750000e+001
  4.2745725e+001
  4.2250079e+001
  4.3374959e+001
  4.3625041e+001
  4.3750079e+001
  4.4749921e+001
  4.6249921e+001
  4.6625041e+001
  4.6249921e+001
  4.5624959e+001
  4.5499921e+001
  4.7250000e+001
  4.8499918e+001
  4.9249918e+001
  5.0874962e+001
  4.9374962e+001
  4.9379899e+001
  4.9000082e+001
  4.8875038e+001
  4.8750000e+001
  4.7625120e+001
  4.9500000e+001
  4.8624962e+001
  5.0375038e+001
  5.1499918e+001
  5.2500000e+001
  5.2999918e+001
  5.1750000e+001
  5.1744825e+001
  5.1000000e+001
  5.1499918e+001
  5.0749918e+001
  4.9874880e+001
  4.9750082e+001
  4.8875038e+001
  4.9750082e+001
  4.9625038e+001
  4.9750082e+001
  4.9374962e+001
  4.9874880e+001
  4.9500000e+001
  4.9999918e+001
  5.2000082e+001
  5.3749918e+001
  5.3250000e+001
  5.3749918e+001
  5.2874880e+001
  5.4499918e+001
  5.5249918e+001
  5.5255443e+001
  5.4750000e+001
  5.3500082e+001
  5.2625038e+001
  5.3250000e+001
  5.2125120e+001
  5.4000000e+001
  5.3250000e+001
  5.2999918e+001
  5.1250082e+001
  5.1624962e+001
  5.0874962e+001
  5.0250000e+001
  4.9249918e+001
  4.9500000e+001
  4.9874880e+001
  5.0375038e+001
  4.9750082e+001
  4.9249918e+001
  5.0250000e+001
  5.1750000e+001
  5.3625120e+001
  5.4250082e+001
  5.4000000e+001
  5.5000082e+001
  5.4250082e+001
  5.4125038e+001
  5.4499918e+001
  5.4125038e+001
  5.4119625e+001
  5.3250000e+001
  5.1499918e+001
  5.0749918e+001
  5.0874962e+001
  5.1499918e+001
  5.1000000e+001
  5.1250082e+001
  5.1000000e+001
  5.2249918e+001
  5.2255143e+001
  5.1624962e+001
  5.0625120e+001
  5.0500082e+001
  5.0250000e+001
  4.9500000e+001
  4.9495050e+001
  4.9000082e+001
  4.8750000e+001
  4.8754875e+001
  4.8000000e+001
  4.8499918e+001
  4.8000000e+001
  4.8750000e+001
  4.9249918e+001
  4.9999918e+001
  4.9994918e+001
  4.9625038e+001
  4.9750082e+001
  4.9500000e+001
  4.9504950e+001
  4.9374962e+001
  4.8875038e+001
  4.9000082e+001
  4.8499918e+001
  4.8875038e+001
  4.9249918e+001
  4.8875038e+001
  4.8000000e+001
  4.7500079e+001
  4.6999921e+001
  4.6249921e+001
  4.7250000e+001
  4.8250082e+001
  4.9500000e+001
  5.1000000e+001
  5.1125038e+001
  5.1499918e+001
  5.2125120e+001
  5.4499918e+001
  5.5500000e+001
  5.4000000e+001
  5.3625120e+001
  5.3250000e+001
  5.3625120e+001
  5.4875038e+001
  5.6500082e+001
  5.5750082e+001
  5.4750000e+001
  5.3874962e+001
  5.3625120e+001
  5.4000000e+001
  5.4125038e+001
  5.4624962e+001
  5.5000082e+001
  5.5999918e+001
  5.6375038e+001
  5.5500000e+001
  5.5374962e+001
  5.4750000e+001
  5.3749918e+001
  5.3500082e+001
  5.3749918e+001
  5.3744543e+001
  5.4000000e+001
  5.4250082e+001
  5.3500082e+001
  5.4000000e+001
  5.3250000e+001
  5.3255325e+001
  5.3124962e+001
  5.2874880e+001
  5.3250000e+001
  5.3375038e+001
  5.2999918e+001
  5.2750082e+001
  5.2500000e+001
  5.1624962e+001
  4.9625038e+001
  4.8875038e+001
  4.9249918e+001
  5.0500082e+001
  4.9374962e+001
  4.8624962e+001
  4.8620100e+001
  4.8750000e+001
  4.9374962e+001
  4.9999918e+001
  5.0004918e+001
  5.0500082e+001
  5.1250082e+001
  5.1000000e+001
  5.1125038e+001
  5.2000082e+001
  5.1499918e+001
  5.0375038e+001
  4.9374962e+001
  4.9125120e+001
  4.9000082e+001
  4.8750000e+001
  4.8125038e+001
  4.7749921e+001
  4.7250000e+001
  4.8624962e+001
  4.9249918e+001
  4.9999918e+001
  5.2000082e+001
  5.1750000e+001
  5.1875038e+001
  5.1750000e+001
  5.2625038e+001
  5.4374880e+001
  5.5374962e+001
  5.5999918e+001
  5.6500082e+001
  5.6749918e+001
  5.6625120e+001
  5.6375038e+001
  5.6124962e+001
  5.5249918e+001
  5.5125120e+001
  5.5000082e+001
  5.4875038e+001
  5.5625038e+001
  5.6500082e+001
  5.6749918e+001
  5.6250000e+001
  5.5874880e+001
  5.5125120e+001
  5.5500000e+001
  5.5000082e+001
  5.3625120e+001
  5.2625038e+001
  5.3749918e+001
  5.3744543e+001
  5.3124962e+001
  5.5000082e+001
  5.7000000e+001
  5.7374880e+001
  5.7624962e+001
  5.8125120e+001
  5.7624962e+001
  5.7000000e+001
  5.9625120e+001
  5.8500000e+001
  5.8374962e+001
  5.7499918e+001
  5.8000082e+001
  5.6749918e+001
  5.5625038e+001
  5.6124962e+001
  5.6375038e+001
  5.5999918e+001
  5.5500000e+001
  5.3749918e+001
  5.4250082e+001
  5.5125120e+001
  5.3874962e+001
  5.3250000e+001
  5.2750082e+001
  5.2874880e+001
  5.2000082e+001
  5.1000000e+001
  5.1250082e+001
  5.0874962e+001
  5.1000000e+001
  4.9999918e+001
  5.0500082e+001
  5.1750000e+001
  5.2874880e+001
  5.1250082e+001
  5.0250000e+001
  5.0375038e+001
  5.0380076e+001
  5.0250000e+001
  5.0124962e+001
  5.0874962e+001
  5.0500082e+001
  5.1624962e+001
  5.4000000e+001
  5.2999918e+001
  5.2625038e+001
  5.2999918e+001
  5.3250000e+001
  5.2874880e+001
  5.2999918e+001
  5.2000082e+001
  5.1499918e+001
  5.1875038e+001
  5.0874962e+001
  5.1000000e+001
  4.9000082e+001
  4.8374880e+001
  4.9000082e+001
  5.1499918e+001
  5.0375038e+001
  5.1374880e+001
  5.1369743e+001
  5.2000082e+001
  5.2750082e+001
  5.2125120e+001
  5.1125038e+001
  4.9999918e+001
  5.2500000e+001
  5.2125120e+001
  5.2874880e+001
  5.4750000e+001
  5.6124962e+001
  5.5874880e+001
  5.5374962e+001
  5.5125120e+001
  5.7125038e+001
  5.5999918e+001
  5.4875038e+001
  5.3874962e+001
  5.6500082e+001
  5.5999918e+001
  5.5625038e+001
  5.6749918e+001
  5.7499918e+001
  5.9500082e+001
  5.9506032e+001
  5.9874962e+001
  6.2250000e+001
  6.2749918e+001
  6.0374880e+001
  5.8500000e+001
  5.7125038e+001
  6.0374880e+001
  5.9749918e+001
  5.9874962e+001
  5.7750000e+001
  5.8500000e+001
  5.9500082e+001
  5.9874962e+001
  6.0750000e+001
  6.0743925e+001
  5.9250000e+001
  5.8500000e+001
  5.8249918e+001
  5.7875038e+001
  5.8249918e+001
  5.8625038e+001
  5.9500082e+001
  5.8999918e+001
  6.0125038e+001
  5.9500082e+001
  6.1249918e+001
  6.1256043e+001
  6.0000000e+001
  5.9124962e+001
  5.8999918e+001
  5.8750082e+001
  5.8744207e+001
  5.7875038e+001
  5.8000082e+001
  5.7875038e+001
  5.8374962e+001
  5.8750082e+001
  5.8500000e+001
  5.8249918e+001
  5.7750000e+001
  5.7000000e+001
  5.7005700e+001
  5.7000000e+001
  5.7250082e+001
  5.7244357e+001
  5.7250082e+001
  5.7499918e+001
  5.6874962e+001
  5.6880649e+001
  5.6250000e+001
  5.8750082e+001
  6.0750000e+001
  6.1249918e+001
  6.1874880e+001
  6.0875038e+001
  6.3000000e+001
  6.4000082e+001
  6.4625038e+001
  6.8250000e+001
  6.6000000e+001
  6.5250000e+001
  6.7750082e+001
  6.7743307e+001
  6.9499918e+001
  6.9624962e+001
  6.7750082e+001
  6.7756857e+001
  6.7249918e+001
  6.6499918e+001
  6.5124962e+001
  6.6499918e+001
  6.7500000e+001
  6.7750082e+001
  6.8500082e+001
  6.7500000e+001
  6.7750082e+001
  6.7999918e+001
  6.7874880e+001
  6.7625038e+001
  6.8250000e+001
  7.0750082e+001
  7.1375038e+001
  7.2125038e+001
  7.1749918e+001
  7.0999918e+001
  7.0750082e+001
  7.1500082e+001
  7.1749918e+001
  7.1500082e+001
  7.1124962e+001
  7.1250000e+001
  7.1375038e+001
  7.2000000e+001
  7.3249918e+001
  7.5250082e+001
  7.4250000e+001
  7.4500082e+001
  7.3500000e+001
  7.3249918e+001
  7.3125120e+001
  7.3750082e+001
  7.3500000e+001
  7.3374962e+001
  7.3367625e+001
  7.5000000e+001
  7.5499918e+001
  7.8125038e+001
  8.0124962e+001
  7.9999918e+001
  7.9000082e+001
  7.9625038e+001
  8.0500082e+001
  7.9750082e+001
  7.9999918e+001
  8.0124962e+001
  7.7874962e+001
  7.8000000e+001
  7.7749918e+001
  7.8000000e+001
  7.7874962e+001
  7.8250082e+001
  7.8257907e+001
  7.9500000e+001
  7.8624962e+001
  7.8499918e+001
  7.8250082e+001
  7.5624962e+001
  7.0874880e+001
  7.1749918e+001
  7.0999918e+001
  7.2624962e+001
  7.1124962e+001
  6.7874880e+001
  6.6000000e+001
  6.3875038e+001
  6.3624962e+001
  6.3250082e+001
  6.2250000e+001
  6.0250082e+001
  6.1750082e+001
  6.2874962e+001
  6.0125038e+001
  6.0250082e+001
  6.4000082e+001
  6.7999918e+001
  6.7750082e+001
  6.7000082e+001
  6.7625038e+001
  6.7125120e+001
  6.9499918e+001
  7.4250000e+001
  7.5875038e+001
  7.2499918e+001
  7.1874962e+001
  7.0249918e+001
  7.2499918e+001
  7.2750000e+001
  7.3500000e+001
  7.0625038e+001
  6.9750000e+001
  7.1749918e+001
  7.0999918e+001
  7.3000082e+001
  7.2624962e+001
  7.1749918e+001
  7.2750000e+001
  7.2374880e+001
  7.5000000e+001
  7.7375038e+001
  7.6249918e+001
  7.6242293e+001
  7.3000082e+001
  6.8749918e+001
  7.1500082e+001
  7.3249918e+001
  7.4250000e+001
  7.4124962e+001
  7.6249918e+001
  7.6257543e+001
  7.5750000e+001
  7.7250000e+001
  7.6625038e+001
  7.3249918e+001
  7.4500082e+001
  7.4375038e+001
  7.3874880e+001
  7.3750082e+001
  7.2374880e+001
  7.1250000e+001
  4.3875038e+001
  4.2249920e+001
  4.3249920e+001
  4.3375038e+001
  4.3000000e+001
  4.2750080e+001
  4.2375038e+001
  4.2124962e+001
  4.2875038e+001
  4.3375038e+001
  4.2750080e+001
  4.3750080e+001
  4.6500000e+001
  4.7375038e+001
  4.7000000e+001
  4.9249920e+001
  4.8624962e+001
  4.8000000e+001
  4.7249920e+001
  4.7500000e+001
  4.8124962e+001
  4.7500000e+001
  4.6875038e+001
  4.6500000e+001
  4.7249920e+001
  4.7875038e+001
  4.8249920e+001
  4.8124962e+001
  4.7875038e+001
  4.6624962e+001
  4.6875038e+001
  4.6870350e+001
  4.7750080e+001
  4.7500000e+001
  4.6750080e+001
  4.6754755e+001
  4.7000000e+001
  4.6750080e+001
  4.7000000e+001
  4.7750080e+001
  4.8624962e+001
  4.9500000e+001
  4.9375038e+001
  4.8875038e+001
  4.9000000e+001
  5.0124962e+001
  4.9624962e+001
  5.0000000e+001
  4.9995000e+001
  5.1624962e+001
  5.1000000e+001
  5.0750080e+001
  5.0500000e+001
  5.0875038e+001
  5.0000000e+001
  4.9249920e+001
  4.8750080e+001
  4.9249920e+001
  4.9750080e+001
  4.9624962e+001
  5.0249920e+001
  5.0000000e+001
  4.9750080e+001
  4.9249920e+001
  4.9000000e+001
  4.9375038e+001
  4.9750080e+001
  5.0000000e+001
  4.9750080e+001
  5.0249920e+001
  5.0750080e+001
  4.5000000e+001
  4.4750080e+001
  4.4500000e+001
  4.5750080e+001
  4.5500000e+001
  4.4624962e+001
  4.4249920e+001
  4.4375038e+001
  3.9124962e+001
  4.0375038e+001
  4.0500000e+001
  4.1500000e+001
  4.3124962e+001
  4.3000000e+001
  4.4249920e+001
  4.4254345e+001
  4.4750080e+001
  4.4000000e+001
  4.2750080e+001
  4.2500000e+001
  4.2249920e+001
  4.2000000e+001
  4.1750080e+001
  4.2000000e+001
  4.1500000e+001
  4.1249920e+001
  4.1500000e+001
  4.2500000e+001
  4.1875038e+001
  4.1500000e+001
  4.2249920e+001
  4.3500000e+001
  4.3624962e+001
  4.3124962e+001
  4.3624962e+001
  4.2875038e+001
  4.3249920e+001
  4.3500000e+001
  4.5000000e+001
  4.7500000e+001
  4.7000000e+001
  4.6750080e+001
  4.9249920e+001
  4.8750080e+001
  4.8249920e+001
  5.0000000e+001
  4.9500000e+001
  4.9000000e+001
  4.8875038e+001
  4.8624962e+001
  4.7624962e+001
  4.7249920e+001
  4.6750080e+001
  4.6375038e+001
  4.7124962e+001
  4.7875038e+001
  4.8375038e+001
  4.9624962e+001
  4.9000000e+001
  4.9124962e+001
  4.8624962e+001
  4.6750080e+001
  4.7000000e+001
  4.7124962e+001
  4.6500000e+001
  4.6000000e+001
  4.6375038e+001
  4.6249920e+001
  4.6245295e+001
  4.4000000e+001
  4.2500000e+001
  4.1375038e+001
  4.1000000e+001
  4.0375038e+001
  4.1750080e+001
  4.1500000e+001
  4.0875038e+001
  4.3500000e+001
  4.4000000e+001
  4.2500000e+001
  4.2124962e+001
  4.3000000e+001
  4.2375038e+001
  4.0500000e+001
  4.1000000e+001
  4.2000000e+001
  4.1500000e+001
  4.4875038e+001
  4.4750080e+001
  4.3500000e+001
  4.3000000e+001
  4.3004300e+001
  4.1500000e+001
  3.9750080e+001
  3.8000000e+001
  3.7996200e+001
  3.8000000e+001
  3.6875038e+001
  3.6750080e+001
  3.7875038e+001
  3.3375038e+001
  3.6000000e+001
  3.5500000e+001
  3.5750080e+001
  3.8000000e+001
  3.6000000e+001
  3.5000000e+001
  3.5375038e+001
  3.4750080e+001
  3.6000000e+001
  3.5875038e+001
  3.5124962e+001
  3.4249920e+001
  3.4375038e+001
  3.4500000e+001
  3.5375038e+001
  3.6375038e+001
  3.3000000e+001
  3.2000000e+001
  3.1750080e+001
  3.3249920e+001
  3.2249920e+001
  3.0750080e+001
  3.1000000e+001
  3.1500000e+001
  3.1000000e+001
  3.1624960e+001
  3.2249920e+001
  3.1000000e+001
  2.9249920e+001
  2.8750080e+001
  2.8752955e+001
  2.9500000e+001
  3.0500000e+001
  2.9624960e+001
  2.9750080e+001
  3.0375040e+001
  3.1124960e+001
  3.1000000e+001
  2.9875040e+001
  2.7124960e+001
  2.6000000e+001
  2.6375040e+001
  2.6249920e+001
  2.7500000e+001
  2.7124960e+001
  2.7375040e+001
  2.7500000e+001
  2.7000000e+001
  2.6997300e+001
  2.7875040e+001
  2.7750080e+001
  2.8750080e+001
  2.9124960e+001
  2.9127872e+001
  2.9750080e+001
  2.9375040e+001
  2.9124960e+001
  2.9875040e+001
  2.9872052e+001
  2.9875040e+001
  3.0000000e+001
  2.9500000e+001
  2.9000000e+001
  2.8249920e+001
  2.8750080e+001
  2.8752955e+001
  2.9000000e+001
  2.8624960e+001
  2.8622098e+001
  2.8375040e+001
  2.8750080e+001
  2.8500000e+001
  2.9000000e+001
  2.9500000e+001
  3.0000000e+001
  3.2375038e+001
  3.3249920e+001
  3.3624962e+001
  3.3000000e+001
  3.3750080e+001
  3.3624962e+001
  3.3628324e+001
  3.3750080e+001
  3.4000000e+001
  3.3124962e+001
  3.2750080e+001
  3.2500000e+001
  3.3249920e+001
  3.4249920e+001
  3.4624962e+001
  3.5875038e+001
  3.6000000e+001
  3.8500000e+001
  3.9500000e+001
  3.8500000e+001
  3.6249920e+001
  3.6000000e+001
  3.5750080e+001
  3.4750080e+001
  3.5375038e+001
  3.6000000e+001
  3.6875038e+001
  3.7875038e+001
  3.8249920e+001
  3.7624962e+001
  3.6875038e+001
  3.7500000e+001
  3.7496250e+001
  3.8875038e+001
  3.9500000e+001
  3.9124962e+001
  3.8750080e+001
  3.8624962e+001
  3.8628824e+001
  3.7249920e+001
  3.7500000e+001
  3.7249920e+001
  3.7375038e+001
  3.7249920e+001
  3.7124962e+001
  3.7249920e+001
  3.6249920e+001
  3.6000000e+001
  3.5875038e+001
  3.5375038e+001
  3.6875038e+001
  3.7875038e+001
  3.8750080e+001
  4.1500000e+001
  4.3124962e+001
  4.3249920e+001
  4.5124962e+001
  4.5000000e+001
  4.7500000e+001
  4.6624962e+001
  4.5750080e+001
  4.5624962e+001
  4.5620400e+001
  4.5500000e+001
  4.5249920e+001
  4.6000000e+001
  4.6750080e+001
  4.7750080e+001
  4.9000000e+001
  4.9249920e+001
  4.9124962e+001
  4.8124962e+001
  4.8000000e+001
  4.7750080e+001
  4.7754855e+001
  4.8000000e+001
  4.7750080e+001
  4.7875038e+001
  4.6000000e+001
  4.5995400e+001
  4.6000000e+001
  4.6500000e+001
  4.8000000e+001
  4.6249920e+001
  4.5500000e+001
  4.5000000e+001
  4.6000000e+001
  4.5500000e+001
  4.5375038e+001
  4.4375038e+001
  4.4000000e+001
  4.3375038e+001
  4.2000000e+001
  4.1375038e+001
  4.1750080e+001
  4.1624962e+001
  4.2249920e+001
  4.3500000e+001
  4.4000000e+001
  4.4249920e+001
  4.5249920e+001
  4.6375038e+001
  4.6500000e+001
  4.6504650e+001
  4.7000000e+001
  4.7375038e+001
  4.7500000e+001
  4.9000000e+001
  4.8624962e+001
  4.7750080e+001
  4.7000000e+001
  4.5249920e+001
  4.5000000e+001
  4.5375038e+001
  4.6000000e+001
  4.6249920e+001
  4.6245295e+001
  4.6375038e+001
  4.7249920e+001
  4.6124962e+001
  4.6000000e+001
  4.6004600e+001
  4.5875038e+001
  4.5750080e+001
  4.5500000e+001
  4.5495450e+001
  4.4750080e+001
  4.3500000e+001
  4.4124962e+001
  4.4375038e+001
  4.4000000e+001
  4.4500000e+001
  4.5249920e+001
  4.5750080e+001
  4.6375038e+001
  4.7124962e+001
  4.7500000e+001
  4.7249920e+001
  4.6000000e+001
  4.5249920e+001
  4.6500000e+001
  4.7249920e+001
  4.6375038e+001
  4.5750080e+001
  4.5500000e+001
  4.6875038e+001
  4.6750080e+001
  4.4750080e+001
  4.4500000e+001
  4.4750080e+001
  4.5624962e+001
  4.5629524e+001
  4.5875038e+001
  4.6500000e+001
  4.7124962e+001
  4.7624962e+001
  4.7875038e+001
  4.6500000e+001
  4.6495350e+001
  4.6000000e+001
  4.6004600e+001
  4.5500000e+001
  4.5495450e+001
  4.6249920e+001
  4.7000000e+001
  4.7004700e+001
  4.5750080e+001
  4.5000000e+001
  4.1750080e+001
  3.9875038e+001
  3.9750080e+001
  3.9249920e+001
  3.8750080e+001
  3.9375038e+001
  4.0000000e+001
  4.0750080e+001
  4.0746005e+001
  3.9750080e+001
  3.9375038e+001
  3.9000000e+001
  3.8750080e+001
  3.7624962e+001
  3.6875038e+001
  3.6000000e+001
  3.5375038e+001
  3.5000000e+001
  3.5875038e+001
  3.7000000e+001
  3.6500000e+001
  3.5875038e+001
  3.6249920e+001
  3.6375038e+001
  3.5624962e+001
  3.5750080e+001
  3.5753655e+001
  3.6124962e+001
  3.6000000e+001
  3.6249920e+001
  3.6750080e+001
  3.6875038e+001
  3.7124962e+001
  3.6375038e+001
  3.6249920e+001
  3.6000000e+001
  3.6500000e+001
  3.6249920e+001
  3.6246295e+001
  3.6249920e+001
  3.5624962e+001
  3.5249920e+001
  3.5500000e+001
  3.5624962e+001
  3.5249920e+001
  3.5500000e+001
  3.5624962e+001
  3.5375038e+001
  3.4500000e+001
  3.4750080e+001
  3.4500000e+001
  3.4124962e+001
  3.4375038e+001
  3.4875038e+001
  3.5500000e+001
  3.5624962e+001
  3.5875038e+001
  3.6750080e+001
  3.8249920e+001
  3.9375038e+001
  3.8249920e+001
  3.8375038e+001
  3.9000000e+001
  3.9750080e+001
  4.0750080e+001
  4.0754155e+001
  3.9500000e+001
  3.8624962e+001
  3.9000000e+001
  4.1124962e+001
  4.2249920e+001
  4.2750080e+001
  4.2249920e+001
  4.2245695e+001
  4.3500000e+001
  4.3624962e+001
  4.5750080e+001
  4.5500000e+001
  4.6124962e+001
  4.4750080e+001
  4.3624962e+001
  4.2500000e+001
  4.2504250e+001
  4.4375038e+001
  4.4124962e+001
  4.4000000e+001
  4.3249920e+001
  4.4249920e+001
  4.5750080e+001
  4.5249920e+001
  4.5624962e+001
  4.6000000e+001
  4.5000000e+001
  4.4375038e+001
  4.4500000e+001
  4.4875038e+001
  4.6000000e+001
  4.5995400e+001
  4.6500000e+001
  4.6875038e+001
  4.8500000e+001
  4.9000000e+001
  4.9624962e+001
  4.9629924e+001
  4.9249920e+001
  4.9500000e+001
  4.9249920e+001
  4.7249920e+001
  4.7375038e+001
  4.8750080e+001
  4.8000000e+001
  4.7249920e+001
  4.7500000e+001
  4.8750080e+001
  5.0000000e+001
  4.9995000e+001
  5.0624962e+001
  5.0000000e+001
  4.8624962e+001
  4.8500000e+001
  4.8375038e+001
  4.7624962e+001
  4.7875038e+001
  4.7624962e+001
  4.8249920e+001
  4.9500000e+001
  4.9504950e+001
  4.9375038e+001
  4.8750080e+001
  4.8624962e+001
  4.8500000e+001
  4.8000000e+001
  4.6124962e+001
  4.7000000e+001
  4.7500000e+001
  4.7000000e+001
  4.6500000e+001
  4.6375038e+001
  4.7000000e+001
  4.8000000e+001
  4.6500000e+001
  4.7750080e+001
  4.9500000e+001
  5.2000000e+001
  5.2500000e+001
  5.2494750e+001
  5.2124962e+001
  5.2130174e+001
  5.2249920e+001
  5.2500000e+001
  5.2624962e+001
  5.1375038e+001
  5.0500000e+001
  5.1624962e+001
  5.1375038e+001
  5.1249920e+001
  5.1500000e+001
  5.2000000e+001
  5.2124962e+001
  5.2875038e+001
  5.3624962e+001
  5.3375038e+001
  5.3000000e+001
  5.3750080e+001
  5.4624962e+001
  5.5500000e+001
  5.4875038e+001
  5.4000000e+001
  5.3000000e+001
  5.2994700e+001
  5.2875038e+001
  5.2624962e+001
  5.2500000e+001
  5.3000000e+001
  5.4000000e+001
  5.3750080e+001
  5.4124962e+001
  5.4624962e+001
  5.4500000e+001
  5.5124962e+001
  5.6500000e+001
  5.8000000e+001
  5.7000000e+001
  5.7005700e+001
  5.7500000e+001
  5.7494250e+001
  5.7124962e+001
  5.6875038e+001
  5.7124962e+001
  5.7000000e+001
  5.6875038e+001
  5.6500000e+001
  5.6875038e+001
  5.6500000e+001
  5.6375038e+001
  5.4750080e+001
  5.4249920e+001
  5.3875038e+001
  5.4624962e+001
  5.6500000e+001
  5.7249920e+001
  5.7124962e+001
  5.7000000e+001
  5.6750080e+001
  5.6249920e+001
  5.6375038e+001
  5.6124962e+001
  5.6130574e+001
  5.5624962e+001
  5.5875038e+001
  5.5624962e+001
  5.4249920e+001
  5.4375038e+001
  5.4750080e+001
  5.5124962e+001
  5.5375038e+001
  5.5500000e+001
  5.6500000e+001
  5.6875038e+001
  5.7124962e+001
  5.6875038e+001
  5.7500000e+001
  5.8249920e+001
  5.8000000e+001
  5.7750080e+001
  5.7744305e+001
  5.8000000e+001
  5.8005800e+001
  5.7000000e+001
  5.6994300e+001
  5.6875038e+001
  5.7000000e+001
  5.6500000e+001
  5.5875038e+001
  5.5500000e+001
  5.5750080e+001
  5.6624962e+001
  5.7249920e+001
  5.7500000e+001
  5.7249920e+001
  5.6750080e+001
  5.7500000e+001
  5.7000000e+001
  5.6624962e+001
  5.6750080e+001
  5.6624962e+001
  5.6630624e+001
  5.6624962e+001
  5.7000000e+001
  5.7249920e+001
  5.9000000e+001
  6.0249920e+001
  6.0124962e+001
  5.9875038e+001
  6.0249920e+001
  5.8875038e+001
  5.9500000e+001
  6.0000000e+001
  5.9124962e+001
  5.9249920e+001
  5.7000000e+001
  5.5000000e+001
  5.5249920e+001
  5.3875038e+001
  5.2624962e+001
  5.2750080e+001
  5.3249920e+001
  5.3244595e+001
  5.3500000e+001
  5.4875038e+001
  5.4880526e+001
  5.4875038e+001
  5.3750080e+001
  5.3000000e+001
  5.3249920e+001
  5.4000000e+001
  5.4249920e+001
  5.4750080e+001
  5.5124962e+001
  5.5119450e+001
  5.4000000e+001
  5.3875038e+001
  5.2000000e+001
  5.1624962e+001
  5.1875038e+001
  5.1750080e+001
  5.2000000e+001
  5.1875038e+001
  5.2000000e+001
  5.2500000e+001
  5.3249920e+001
  5.3500000e+001
  5.3375038e+001
  5.3124962e+001
  5.3000000e+001
  5.3500000e+001
  5.4375038e+001
  5.3750080e+001
  5.3500000e+001
  5.3505350e+001
  5.3375038e+001
  5.2624962e+001
  5.3750080e+001
  5.3875038e+001
  5.4750080e+001
  5.4744605e+001
  5.4750080e+001
  5.4624962e+001
  5.4630424e+001
  5.4875038e+001
  5.4249920e+001
  5.4124962e+001
  5.3624962e+001
  5.4750080e+001
  5.4744605e+001
  5.5750080e+001
  5.6750080e+001
  5.7000000e+001
  5.7005700e+001
  5.7000000e+001
  5.7249920e+001
  5.6750080e+001
  5.5750080e+001
  5.5249920e+001
  5.5624962e+001
  5.5750080e+001
  5.5875038e+001
  5.5249920e+001
  5.5000000e+001
  5.5624962e+001
  5.5750080e+001
  5.6624962e+001
  5.6375038e+001
  5.6750080e+001
  5.6500000e+001
  5.6124962e+001
  5.6249920e+001
  5.5750080e+001
  5.3750080e+001
  5.3000000e+001
  5.3249920e+001
  5.2750080e+001
  5.2500000e+001
  5.1875038e+001
  5.0624962e+001
  5.1500000e+001
  5.1875038e+001
  5.1869850e+001
  5.1750080e+001
  5.2000000e+001
  5.1875038e+001
  5.3000000e+001
  5.3005300e+001
  5.4249920e+001
  5.3875038e+001
  5.4124962e+001
  5.4000000e+001
  5.3994600e+001
  5.3875038e+001
  5.3624962e+001
  5.3500000e+001
  5.3750080e+001
  5.3755455e+001
  5.4249920e+001
  5.4875038e+001
  5.4869550e+001
  5.5750080e+001
  5.6000000e+001
  5.6624962e+001
  5.7500000e+001
  5.8249920e+001
  5.9249920e+001
  5.8500000e+001
  5.8875038e+001
  5.8249920e+001
  5.8124962e+001
  5.8249920e+001
  5.8255745e+001
  5.8249920e+001
  5.7875038e+001
  5.8124962e+001
  5.7500000e+001
  5.6500000e+001
  5.6750080e+001
  5.6744405e+001
  5.5750080e+001
  5.5375038e+001
  5.5124962e+001
  5.6000000e+001
  5.6249920e+001
  5.7750080e+001
  5.8000000e+001
  5.8500000e+001
  5.8750080e+001
  5.8500000e+001
  5.8505850e+001
  5.8249920e+001
  5.8244095e+001
  5.7500000e+001
  5.6875038e+001
  5.7000000e+001
  5.7249920e+001
  5.7124962e+001
  5.7130674e+001
  5.7124962e+001
  5.7000000e+001
  5.8000000e+001
  5.8500000e+001
  5.8000000e+001
  5.7624962e+001
  5.8249920e+001
  5.8000000e+001
  5.8375038e+001
  5.8624962e+001
  5.8619100e+001
  5.8500000e+001
  5.9124962e+001
  5.8624962e+001
  5.8630824e+001
  5.8249920e+001
  5.7249920e+001
  5.7000000e+001
  5.6624962e+001
  5.6000000e+001
  5.4624962e+001
  5.4750080e+001
  5.3750080e+001
  5.2750080e+001
  5.3000000e+001
  5.3375038e+001
  5.3624962e+001
  5.3500000e+001
  5.4249920e+001
  5.4000000e+001
  5.4375038e+001
  5.4369600e+001
  5.5000000e+001
  5.4750080e+001
  5.4875038e+001
  5.5000000e+001
  5.4249920e+001
  5.4375038e+001
  5.4124962e+001
  5.3750080e+001
  5.3375038e+001
  5.3000000e+001
  5.3005300e+001
  5.2875038e+001
  5.3000000e+001
  5.2500000e+001
  5.2000000e+001
  5.2249920e+001
  5.2500000e+001
  5.1124962e+001
  5.1750080e+001
  5.1624962e+001
  5.2750080e+001
  5.3875038e+001
  5.4750080e+001
  5.4500000e+001
  5.4375038e+001
  5.4000000e+001
  5.3994600e+001
  5.3624962e+001
  5.3000000e+001
  5.2500000e+001
  5.2249920e+001
  5.1750080e+001
  5.1000000e+001
  5.0500000e+001
  4.9750080e+001
  4.9124962e+001
  4.9000000e+001
  4.9249920e+001
  4.9124962e+001
  4.7500000e+001
  4.8000000e+001
  4.7124962e+001
  4.5124962e+001
  4.5129474e+001
  4.6249920e+001
  4.6375038e+001
  4.6624962e+001
  4.6375038e+001
  4.5875038e+001
  4.6249920e+001
  4.7249920e+001
  4.6375038e+001
  4.6750080e+001
  4.7000000e+001
  4.7249920e+001
  4.7500000e+001
  4.7875038e+001
  4.6500000e+001
  4.6495350e+001
  4.5249920e+001
  4.5254445e+001
  4.5750080e+001
  4.6124962e+001
  4.5500000e+001
  4.5750080e+001
  4.5249920e+001
  4.4249920e+001
  4.3500000e+001
  4.2750080e+001
  4.1624962e+001
  4.1500000e+001
  4.2000000e+001
  4.2750080e+001
  4.5000000e+001
  4.4875038e+001
  4.3750080e+001
  4.3875038e+001
  4.4500000e+001
  4.4750080e+001
  4.4375038e+001
  4.4249920e+001
  4.2875038e+001
  4.2000000e+001
  4.2500000e+001
  4.2750080e+001
  4.3375038e+001
  4.2750080e+001
  4.3124962e+001
  4.2875038e+001
  4.2750080e+001
  4.2745805e+001
  4.2500000e+001
  4.3624962e+001
  4.4249920e+001
  4.4750080e+001
  4.4124962e+001
  4.3000000e+001
  4.3004300e+001
  4.2000000e+001
  4.2500000e+001
  4.2000000e+001
  4.2375038e+001
  4.3750080e+001
  4.4750080e+001
  4.4124962e+001
  4.4249920e+001
  4.3624962e+001
  4.3000000e+001
  4.3249920e+001
  4.3124962e+001
  4.3500000e+001
  4.3750080e+001
  4.4000000e+001
  4.3750080e+001
  4.3375038e+001
  4.3750080e+001
