  4.0245895e+001
  4.0125118e+001
  4.0000000e+001
  3.9500160e+001
  3.9249920e+001
  3.9500160e+001
  3.9750080e+001
  3.8375038e+001
  3.5874882e+001
  3.4499840e+001
  3.4125118e+001
  3.3000000e+001
  3.2750080e+001
  3.3624962e+001
  3.4750080e+001
  3.3624962e+001
  3.4000000e+001
  3.3874882e+001
  3.4000000e+001
  3.4003400e+001
  3.2874882e+001
  3.3874882e+001
  3.2874882e+001
  3.2000000e+001
  3.1874880e+001
  3.1249920e+001
  3.0249920e+001
  2.9125120e+001
  3.0750080e+001
  3.0747005e+001
  3.0499840e+001
  3.0000000e+001
  3.0249920e+001
  3.1000000e+001
  3.2750080e+001
  3.3375038e+001
  3.3624962e+001
  3.7000000e+001
  3.6750080e+001
  3.7750080e+001
  3.5874882e+001
  3.6499840e+001
  3.6375038e+001
  3.6874882e+001
  3.6375038e+001
  3.5750080e+001
  3.4750080e+001
  3.4499840e+001
  3.4125118e+001
  3.4499840e+001
  3.5500160e+001
  3.6000000e+001
  3.5125118e+001
  3.4874882e+001
  3.4375038e+001
  3.5000000e+001
  3.5500160e+001
  3.6750080e+001
  3.6249920e+001
  3.6253545e+001
  3.6000000e+001
  3.6249920e+001
  3.5500160e+001
  3.5750080e+001
  3.5500160e+001
  3.5874882e+001
  3.6000000e+001
  3.6249920e+001
  3.5249920e+001
  3.5000000e+001
  3.4249920e+001
  3.4499840e+001
  3.4125118e+001
  3.4750080e+001
  3.4624962e+001
  3.4249920e+001
  3.4000000e+001
  3.2375038e+001
  3.2000000e+001
  3.0499840e+001
  2.9874880e+001
  3.0375040e+001
  3.0000000e+001
  3.0499840e+001
  2.8499840e+001
  2.9750080e+001
  2.9747105e+001
  3.0249920e+001
  3.0000000e+001
  2.9125120e+001
  2.8375040e+001
  2.8000000e+001
  2.8125120e+001
  3.0750080e+001
  3.0753155e+001
  2.9500160e+001
  2.9125120e+001
  2.8249920e+001
  2.8125120e+001
  2.7249920e+001
  2.7000000e+001
  2.8624960e+001
  2.9874880e+001
  2.9871893e+001
  3.1500160e+001
  3.0000000e+001
  2.9874880e+001
  2.9500160e+001
  2.8874880e+001
  2.9125120e+001
  2.9249920e+001
  2.8750080e+001
  2.7500160e+001
  2.6624960e+001
  2.6874880e+001
  2.7624960e+001
  2.7874880e+001
  2.9249920e+001
  2.9500160e+001
  2.8624960e+001
  2.8249920e+001
  2.7125120e+001
  2.7000000e+001
  2.7002700e+001
  2.6499840e+001
  2.5750080e+001
  2.5500160e+001
  2.6000000e+001
  2.4624960e+001
  2.4000000e+001
  2.4874880e+001
  2.6000000e+001
  2.6125120e+001
  2.6000000e+001
  2.6499840e+001
  2.8624960e+001
  2.9249920e+001
  3.0125120e+001
  3.1000000e+001
  3.0375040e+001
  3.1000000e+001
  3.1125120e+001
  3.1000000e+001
  3.1874880e+001
  3.1000000e+001
  3.0750080e+001
  3.0375040e+001
  3.0499840e+001
  2.9500160e+001
  2.9750080e+001
  2.9000000e+001
  2.8499840e+001
  2.8000000e+001
  2.7874880e+001
  2.8375040e+001
  2.8249920e+001
  2.8000000e+001
  2.9375040e+001
  2.8750080e+001
  3.0249920e+001
  3.0874880e+001
  3.0624960e+001
  3.1000000e+001
  3.4000000e+001
  3.3624962e+001
  3.3500160e+001
  3.2874882e+001
  3.4249920e+001
  3.4499840e+001
  3.3500160e+001
  3.3249920e+001
  3.2375038e+001
  3.4125118e+001
  3.5375038e+001
  3.4874882e+001
  3.4000000e+001
  3.4499840e+001
  3.4249920e+001
  3.3874882e+001
  3.4499840e+001
  3.4750080e+001
  3.5125118e+001
  3.4874882e+001
  3.4000000e+001
  3.4874882e+001
  3.7000000e+001
  3.7249920e+001
  3.7125118e+001
  3.7121405e+001
  3.6499840e+001
  3.5624962e+001
  3.4499840e+001
  3.6249920e+001
  3.4624962e+001
  3.4874882e+001
  3.4624962e+001
  3.4000000e+001
  3.4125118e+001
  3.4000000e+001
  3.4003400e+001
  3.5500160e+001
  3.5624962e+001
  3.4375038e+001
  3.4624962e+001
  3.5000000e+001
  3.4249920e+001
  3.4000000e+001
  3.3996600e+001
  3.3624962e+001
  3.3000000e+001
  3.3125118e+001
  3.3249920e+001
  3.4000000e+001
  3.3624962e+001
  3.3249920e+001
  3.3000000e+001
  3.2375038e+001
  3.2249920e+001
  3.0499840e+001
  3.0249920e+001
  3.0252945e+001
  3.0249920e+001
  3.0000000e+001
  2.9750080e+001
  2.9000000e+001
  2.8874880e+001
  2.8750080e+001
  2.9750080e+001
  2.9747105e+001
  2.9874880e+001
  3.0000000e+001
  3.2000000e+001
  3.2499840e+001
  3.2000000e+001
  3.3249920e+001
  3.3000000e+001
  3.2499840e+001
  3.2249920e+001
  3.3249920e+001
  3.3253245e+001
  3.5000000e+001
  3.4996500e+001
  3.5000000e+001
  3.4000000e+001
  3.4249920e+001
  3.3375038e+001
  3.2750080e+001
  3.3000000e+001
  3.2249920e+001
  3.2253145e+001
  3.2499840e+001
  3.4249920e+001
  3.4499840e+001
  3.3750080e+001
  3.3624962e+001
  3.4499840e+001
  3.5375038e+001
  3.5000000e+001
  3.4996500e+001
  3.5500160e+001
  3.6499840e+001
  3.7500160e+001
  3.9249920e+001
  3.9253845e+001
  3.8624962e+001
  3.8000000e+001
  3.7874882e+001
  3.8375038e+001
  3.7874882e+001
  3.7500160e+001
  3.7874882e+001
  3.7500160e+001
  3.6000000e+001
  3.6375038e+001
  3.7125118e+001
  3.6249920e+001
  3.6125118e+001
  3.6121505e+001
  3.7750080e+001
  3.8249920e+001
  3.8375038e+001
  3.7624962e+001
  3.7750080e+001
  3.7000000e+001
  3.7003700e+001
  3.7249920e+001
  3.6375038e+001
  3.6499840e+001
  3.5874882e+001
  3.5750080e+001
  3.7375038e+001
  3.7000000e+001
  3.6499840e+001
  3.6000000e+001
  3.5750080e+001
  3.4125118e+001
  3.5000000e+001
  3.4375038e+001
  3.5500160e+001
  3.7000000e+001
  3.8000000e+001
  3.8750080e+001
  3.7249920e+001
  3.8249920e+001
  3.8624962e+001
  3.9249920e+001
  3.9125118e+001
  3.9000000e+001
  3.8874882e+001
  4.0375038e+001
  4.0125118e+001
  4.0000000e+001
  4.0249920e+001
  4.0750080e+001
  4.0000000e+001
  3.9624962e+001
  4.0000000e+001
  3.8499840e+001
  3.8125118e+001
  3.8000000e+001
  3.8624962e+001
  4.0000000e+001
  3.9249920e+001
  3.9125118e+001
  3.8874882e+001
  3.9500160e+001
  3.9000000e+001
  3.8996100e+001
  3.9624962e+001
  4.1249920e+001
  4.1624962e+001
  4.2499840e+001
  4.4000000e+001
  4.3874882e+001
  4.4000000e+001
  4.4375038e+001
  4.3624962e+001
  4.0750080e+001
  4.3000000e+001
  4.2125118e+001
  4.2499840e+001
  4.2504090e+001
  4.2750080e+001
  4.3249920e+001
  4.3245595e+001
  4.4249920e+001
  4.5000000e+001
  4.3000000e+001
  4.1750080e+001
  4.2499840e+001
  4.3375038e+001
  4.2874882e+001
  4.1624962e+001
  4.0249920e+001
  4.1000000e+001
  4.0874882e+001
  3.9874882e+001
  3.8499840e+001
  3.8503690e+001
  3.8499840e+001
  3.8495990e+001
  3.8624962e+001
  3.7000000e+001
  3.7003700e+001
  3.7000000e+001
  3.6750080e+001
  3.7375038e+001
  3.7500160e+001
  3.7496410e+001
  3.7375038e+001
  3.6624962e+001
  3.6249920e+001
  3.6499840e+001
  3.7000000e+001
  3.7003700e+001
  3.6874882e+001
  3.7375038e+001
  3.6624962e+001
  3.6621300e+001
  3.7000000e+001
  3.6375038e+001
  3.6378676e+001
  3.7125118e+001
  3.6750080e+001
  3.6499840e+001
  3.6496190e+001
  3.5375038e+001
  3.5624962e+001
  3.5375038e+001
  3.5500160e+001
  3.5624962e+001
  3.5500160e+001
  3.5375038e+001
  3.5000000e+001
  3.4499840e+001
  3.4375038e+001
  3.3375038e+001
  3.2750080e+001
  3.2125118e+001
  3.1750080e+001
  3.1624960e+001
  3.0000000e+001
  3.0624960e+001
  3.1000000e+001
  3.0624960e+001
  2.9750080e+001
  3.0375040e+001
  3.1249920e+001
  3.1624960e+001
  3.1750080e+001
  3.3375038e+001
  3.4249920e+001
  3.4253345e+001
  3.4000000e+001
  3.3750080e+001
  3.3874882e+001
  3.3750080e+001
  3.4000000e+001
  3.3000000e+001
  3.1874880e+001
  3.1624960e+001
  3.1000000e+001
  3.0499840e+001
  3.0249920e+001
  3.1000000e+001
  3.1624960e+001
  3.2750080e+001
  3.3500160e+001
  3.2624962e+001
  3.2499840e+001
  3.2000000e+001
  3.1750080e+001
  3.1125120e+001
  3.1750080e+001
  3.1624960e+001
  3.1750080e+001
  3.1624960e+001
  3.1375040e+001
  3.0249920e+001
  3.0624960e+001
  3.0249920e+001
  2.9750080e+001
  3.0499840e+001
  3.1500160e+001
  3.1000000e+001
  3.0499840e+001
  3.0750080e+001
  3.1750080e+001
  3.1125120e+001
  3.1000000e+001
  3.0996900e+001
  3.0375040e+001
  2.9874880e+001
  2.9877867e+001
  3.0000000e+001
  2.9750080e+001
  2.9747105e+001
  3.0375040e+001
  3.0378078e+001
  3.0125120e+001
  3.0000000e+001
  2.9500160e+001
  2.9750080e+001
  3.0249920e+001
  3.0125120e+001
  3.0000000e+001
  2.9500160e+001
  2.9497210e+001
  2.9500160e+001
  2.9874880e+001
  2.8125120e+001
  2.5874880e+001
  2.5750080e+001
  2.7000000e+001
  2.6874880e+001
  2.6000000e+001
  2.6002600e+001
  2.6249920e+001
  2.6000000e+001
  2.4750080e+001
  2.5249920e+001
  2.4624960e+001
  2.5500160e+001
  2.6499840e+001
  2.7000000e+001
  2.8000000e+001
  2.7874880e+001
  2.7624960e+001
  2.7500160e+001
  2.7249920e+001
  2.6750080e+001
  2.6249920e+001
  2.6750080e+001
  2.7000000e+001
  2.6750080e+001
  2.7249920e+001
  2.7247195e+001
  2.7249920e+001
  2.7874880e+001
  2.7624960e+001
  2.8375040e+001
  2.8377878e+001
  2.9500160e+001
  2.9497210e+001
  2.9624960e+001
  2.9249920e+001
  2.9375040e+001
  2.9249920e+001
  3.1000000e+001
  3.2375038e+001
  3.3750080e+001
  3.4000000e+001
  3.5249920e+001
  3.5500160e+001
  3.5750080e+001
  3.5249920e+001
  3.5253445e+001
  3.6125118e+001
  3.7125118e+001
  3.7000000e+001
  3.6249920e+001
  3.6375038e+001
  3.5624962e+001
  3.5874882e+001
  3.5125118e+001
  3.5750080e+001
  3.6000000e+001
  3.6125118e+001
  3.6499840e+001
  3.5500160e+001
  3.4750080e+001
  3.4499840e+001
  3.4000000e+001
  3.4249920e+001
  3.5000000e+001
  3.5624962e+001
  3.5750080e+001
  3.5249920e+001
  3.4750080e+001
  3.4624962e+001
  3.4874882e+001
  3.3624962e+001
  3.3750080e+001
  3.4125118e+001
  3.3874882e+001
  3.3500160e+001
  3.3249920e+001
  3.2874882e+001
  3.4125118e+001
  3.4375038e+001
  3.4125118e+001
  3.3874882e+001
  3.3500160e+001
  3.3750080e+001
  3.3249920e+001
  3.3750080e+001
  3.3375038e+001
  3.3125118e+001
  3.3000000e+001
  3.2996700e+001
  3.2499840e+001
  3.2125118e+001
  3.1750080e+001
  3.0750080e+001
  3.2375038e+001
  3.2000000e+001
  3.2003200e+001
  3.2499840e+001
  3.3000000e+001
  3.2750080e+001
  3.2375038e+001
  3.2371800e+001
  3.3125118e+001
  3.3249920e+001
  3.3500160e+001
  3.3125118e+001
  3.7000000e+001
  3.9000000e+001
  3.8750080e+001
  3.9874882e+001
  4.0624962e+001
  3.9500160e+001
  3.9874882e+001
  4.0125118e+001
  4.0000000e+001
  3.9500160e+001
  3.7750080e+001
  3.8125118e+001
  3.7500160e+001
  3.7375038e+001
  3.7500160e+001
  3.6750080e+001
  3.6249920e+001
  3.6499840e+001
  3.8375038e+001
  3.8499840e+001
  3.7874882e+001
  3.8874882e+001
  3.9125118e+001
  3.9750080e+001
  3.9754055e+001
  4.0125118e+001
  4.0499840e+001
  4.1000000e+001
  4.2624962e+001
  4.2874882e+001
  4.2750080e+001
  4.1375038e+001
  4.1370900e+001
  4.0249920e+001
  4.0253945e+001
  3.9874882e+001
  3.9500160e+001
  3.9874882e+001
  4.0000000e+001
  3.9624962e+001
  3.9000000e+001
  3.8874882e+001
  3.8249920e+001
  3.7624962e+001
  3.7249920e+001
  3.7500160e+001
  3.7750080e+001
  3.7375038e+001
  3.6375038e+001
  3.6874882e+001
  3.7750080e+001
  3.7125118e+001
  3.6874882e+001
  3.6000000e+001
  3.5750080e+001
  3.5125118e+001
  3.4499840e+001
  3.5375038e+001
  3.5750080e+001
  3.5249920e+001
  3.6249920e+001
  3.5000000e+001
  3.4996500e+001
  3.4249920e+001
  3.5125118e+001
  3.4000000e+001
  3.5249920e+001
  3.4750080e+001
  3.4499840e+001
  3.5624962e+001
  3.6750080e+001
  3.7500160e+001
  3.9000000e+001
  3.8000000e+001
  3.7000000e+001
  3.6874882e+001
  3.6878569e+001
  3.9000000e+001
  3.8499840e+001
  3.9375038e+001
  3.9500160e+001
  3.9496210e+001
  3.9000000e+001
  3.9750080e+001
  3.9874882e+001
  3.9375038e+001
  3.9500160e+001
  3.9750080e+001
  3.9375038e+001
  3.8499840e+001
  3.8503690e+001
  3.8750080e+001
  3.8249920e+001
  3.8000000e+001
  3.7996200e+001
  3.7500160e+001
  3.7750080e+001
  3.7624962e+001
  3.7500160e+001
  3.7503910e+001
  3.8125118e+001
  3.8750080e+001
  3.8746205e+001
  3.8750080e+001
  3.9249920e+001
  3.9874882e+001
  4.0000000e+001
  4.0750080e+001
  4.1624962e+001
  4.1750080e+001
  4.2000000e+001
  4.1750080e+001
  4.1874882e+001
  4.0624962e+001
  4.1000000e+001
  4.2249920e+001
  4.2375038e+001
  4.2750080e+001
  4.2249920e+001
  4.2750080e+001
  4.2754355e+001
  4.2750080e+001
  4.2745805e+001
  4.2874882e+001
  4.1249920e+001
  4.2249920e+001
  4.2254145e+001
  4.2499840e+001
  4.2624962e+001
  4.2249920e+001
  4.2874882e+001
  4.1874882e+001
  4.1870695e+001
  4.2000000e+001
  4.1375038e+001
  4.1624962e+001
  4.2249920e+001
  4.2499840e+001
  4.3750080e+001
  4.4125118e+001
  4.4499840e+001
  4.4874882e+001
  4.6000000e+001
  4.6249920e+001
  4.6254545e+001
  4.6125118e+001
  4.5750080e+001
  4.6874882e+001
  4.7624962e+001
  4.8499840e+001
  4.8000000e+001
  4.7500160e+001
  4.7375038e+001
  4.6499840e+001
  4.6125118e+001
  4.6249920e+001
  4.6125118e+001
  4.6000000e+001
  4.5995400e+001
  4.6000000e+001
  4.6004600e+001
  4.6000000e+001
  4.7249920e+001
  4.7375038e+001
  4.7000000e+001
  4.6995300e+001
  4.7375038e+001
  4.7500160e+001
  4.7874882e+001
  4.8750080e+001
  4.8499840e+001
  4.8249920e+001
  4.6499840e+001
  4.6249920e+001
  4.6000000e+001
  4.6004600e+001
  4.5624962e+001
  4.5249920e+001
  4.5500160e+001
  4.5495610e+001
  4.4499840e+001
  4.4504290e+001
  4.4499840e+001
  4.5750080e+001
  4.5874882e+001
  4.5750080e+001
  4.5624962e+001
  4.5620400e+001
  4.4499840e+001
  4.3874882e+001
  4.1874882e+001
  3.9500160e+001
  3.9624962e+001
  4.1375038e+001
  4.0750080e+001
  4.0624962e+001
  4.0629024e+001
  4.0624962e+001
  4.0620900e+001
  4.1500160e+001
  4.1504310e+001
  4.1750080e+001
  4.1745905e+001
  4.0249920e+001
  4.0253945e+001
  3.9500160e+001
  3.9000000e+001
  3.8750080e+001
  3.8499840e+001
  3.9500160e+001
  4.0249920e+001
  4.0245895e+001
  3.9500160e+001
  3.9000000e+001
  3.9375038e+001
  4.0000000e+001
  3.9624962e+001
  3.9000000e+001
  3.8499840e+001
  3.8249920e+001
  3.8375038e+001
  3.8378876e+001
  3.8375038e+001
  3.8624962e+001
  3.9624962e+001
  4.0000000e+001
  4.0375038e+001
  3.9750080e+001
  3.8750080e+001
  3.8624962e+001
  3.8621100e+001
  3.8499840e+001
  3.8000000e+001
  3.7000000e+001
  3.6499840e+001
  3.6125118e+001
  3.5874882e+001
  3.5500160e+001
  3.6499840e+001
  3.6503490e+001
  3.6874882e+001
  3.6499840e+001
  3.6496190e+001
  3.6249920e+001
  3.5750080e+001
  3.5000000e+001
  3.4750080e+001
  3.5125118e+001
  3.5000000e+001
  3.5500160e+001
  3.5624962e+001
  3.6249920e+001
  3.6874882e+001
  3.6000000e+001
  3.6874882e+001
  3.6878569e+001
  3.8000000e+001
  3.9000000e+001
  3.9624962e+001
  3.9000000e+001
  3.7000000e+001
  3.6750080e+001
  3.6125118e+001
  3.5750080e+001
  3.6125118e+001
  3.6624962e+001
  3.7249920e+001
  3.8249920e+001
  3.7500160e+001
  3.7496410e+001
  3.8249920e+001
  3.8000000e+001
  3.8750080e+001
  3.8000000e+001
  3.8003800e+001
  3.8000000e+001
  3.7996200e+001
  3.6874882e+001
  3.6249920e+001
  3.6750080e+001
  3.6753755e+001
  3.8000000e+001
  3.7874882e+001
  3.6249920e+001
  3.5500160e+001
  3.5750080e+001
  3.5000000e+001
  3.3249920e+001
  3.2750080e+001
  3.1750080e+001
  3.1375040e+001
  3.1750080e+001
  3.1500160e+001
  3.1497010e+001
  3.1000000e+001
  3.0750080e+001
  3.0624960e+001
  2.8249920e+001
  2.9000000e+001
  2.8375040e+001
  2.8000000e+001
  2.8002800e+001
  2.7375040e+001
  2.8750080e+001
  2.8747205e+001
  2.8499840e+001
  2.7624960e+001
  2.7000000e+001
  2.7249920e+001
  2.7500160e+001
  2.7502910e+001
  2.8499840e+001
  2.9624960e+001
  3.0499840e+001
  2.9750080e+001
  2.8499840e+001
  2.8496990e+001
  2.8874880e+001
  2.8750080e+001
  2.8499840e+001
  2.9000000e+001
  2.8874880e+001
  2.9249920e+001
  2.9252845e+001
  2.8375040e+001
  3.0624960e+001
  3.0621898e+001
  3.0624960e+001
  2.8499840e+001
  2.8750080e+001
  2.8375040e+001
  2.9249920e+001
  2.9375040e+001
  2.8874880e+001
  2.9000000e+001
  2.7874880e+001
  2.7000000e+001
  2.7002700e+001
  2.7000000e+001
  2.7375040e+001
  2.6750080e+001
  2.7000000e+001
  2.6750080e+001
  2.5750080e+001
  2.5874880e+001
  2.7249920e+001
  2.7000000e+001
  2.6874880e+001
  2.6750080e+001
  2.6375040e+001
  2.6499840e+001
  2.7249920e+001
  2.7247195e+001
  2.7750080e+001
  2.8249920e+001
  2.9000000e+001
  2.8624960e+001
  2.8249920e+001
  2.8252745e+001
  2.8750080e+001
  2.8499840e+001
  2.8750080e+001
  2.8499840e+001
  2.8750080e+001
  2.9500160e+001
  3.0249920e+001
  3.1249920e+001
  3.1375040e+001
  3.1624960e+001
  3.2000000e+001
  3.2375038e+001
  3.3000000e+001
  3.2249920e+001
  3.1249920e+001
  3.0750080e+001
  3.2125118e+001
  3.1249920e+001
  3.0624960e+001
  3.1750080e+001
  3.2499840e+001
  3.1874880e+001
  3.2125118e+001
  3.3249920e+001
  3.4249920e+001
  3.4499840e+001
  3.4750080e+001
  3.4499840e+001
  3.3750080e+001
  3.2750080e+001
  3.2874882e+001
  3.2750080e+001
  3.1500160e+001
  3.1125120e+001
  3.0249920e+001
  2.9000000e+001
  2.8874880e+001
  2.9000000e+001
  2.9500160e+001
  3.0249920e+001
  3.0000000e+001
  2.9997000e+001
  3.0249920e+001
  2.8000000e+001
  2.7874880e+001
  2.8000000e+001
  2.7874880e+001
  2.6000000e+001
  2.6499840e+001
  2.6624960e+001
  2.6249920e+001
  2.5500160e+001
  2.6000000e+001
  2.5874880e+001
  2.4750080e+001
  2.3249920e+001
  2.4499840e+001
  2.2499840e+001
  2.4000000e+001
  2.5624960e+001
  2.4249920e+001
  2.3000000e+001
  2.3002300e+001
  2.1874880e+001
  2.3000000e+001
  2.2499840e+001
  2.5375040e+001
  2.5500160e+001
  2.5375040e+001
  2.4000000e+001
  2.4249920e+001
  2.4750080e+001
  2.4624960e+001
  2.4375040e+001
  2.3750080e+001
  2.3747705e+001
  2.4000000e+001
  2.4499840e+001
  2.4249920e+001
  2.3750080e+001
  2.3249920e+001
  2.3252245e+001
  2.4000000e+001
  2.3500160e+001
  2.3497810e+001
  2.4874880e+001
  2.4375040e+001
  2.4249920e+001
  2.3624960e+001
  2.3375040e+001
  2.3249920e+001
  2.3500160e+001
  2.3249920e+001
  2.2874880e+001
  2.2750080e+001
  2.3375040e+001
  2.3377378e+001
  2.2750080e+001
  2.2747805e+001
  2.2874880e+001
  2.3750080e+001
  2.4375040e+001
  2.4377478e+001
  2.3375040e+001
  2.3750080e+001
  2.3375040e+001
  2.3500160e+001
  2.3874880e+001
  2.4125120e+001
  2.4000000e+001
  2.3997600e+001
  2.4249920e+001
  2.4499840e+001
  2.5375040e+001
  2.5249920e+001
  2.5252445e+001
  2.5500160e+001
  2.6000000e+001
  2.6750080e+001
  2.7249920e+001
  2.7500160e+001
  2.8000000e+001
  2.8874880e+001
  2.8750080e+001
  2.8375040e+001
  2.8249920e+001
  2.8874880e+001
  2.9000000e+001
  2.8125120e+001
  2.7624960e+001
  2.8000000e+001
  2.7997200e+001
  2.8000000e+001
  2.7624960e+001
  2.7249920e+001
  2.6499840e+001
  2.6624960e+001
  2.6000000e+001
  2.5500160e+001
  2.5874880e+001
  2.5877467e+001
  2.5750080e+001
  2.5125120e+001
  2.6750080e+001
  2.7624960e+001
  2.7622198e+001
  2.7125120e+001
  2.7874880e+001
  2.7750080e+001
  2.7874880e+001
  2.6750080e+001
  2.6624960e+001
  2.6499840e+001
  2.6375040e+001
  2.6377678e+001
  2.7500160e+001
  2.8499840e+001
  2.8000000e+001
  2.8499840e+001
  2.8496990e+001
  2.7750080e+001
  2.8499840e+001
  2.8624960e+001
  2.8874880e+001
  2.9500160e+001
  2.8249920e+001
  2.9000000e+001
  2.9125120e+001
  2.8499840e+001
  2.7750080e+001
  2.7249920e+001
  2.7252645e+001
  2.7249920e+001
  2.6874880e+001
  2.7249920e+001
  2.7000000e+001
  2.6997300e+001
  2.6624960e+001
  2.6499840e+001
  2.6502490e+001
  2.7000000e+001
  2.6997300e+001
  2.7000000e+001
  2.6750080e+001
  2.7125120e+001
  2.7750080e+001
  2.7752855e+001
  2.7500160e+001
  2.8000000e+001
  2.8375040e+001
  2.8000000e+001
  2.8125120e+001
  2.7874880e+001
  2.7375040e+001
  2.7125120e+001
  2.7122407e+001
  2.7500160e+001
  2.7375040e+001
  2.6375040e+001
  2.6249920e+001
  2.6000000e+001
  2.6002600e+001
  2.6750080e+001
  2.5750080e+001
  2.6249920e+001
  2.4249920e+001
  2.4375040e+001
  2.5249920e+001
  2.5500160e+001
  2.5249920e+001
  2.4874880e+001
  2.5249920e+001
  2.5375040e+001
  2.5372502e+001
  2.5500160e+001
  2.6499840e+001
  2.6624960e+001
  2.5750080e+001
  2.6000000e+001
  2.4249920e+001
  2.4499840e+001
  2.4249920e+001
  2.4125120e+001
  2.4375040e+001
  2.5249920e+001
  2.5750080e+001
  2.7000000e+001
  2.7002700e+001
  2.7375040e+001
  2.7000000e+001
  2.6997300e+001
  2.6750080e+001
  2.7125120e+001
  2.7500160e+001
  2.6624960e+001
  2.7000000e+001
  2.7249920e+001
  2.7375040e+001
  2.7000000e+001
  2.7874880e+001
  2.7500160e+001
  2.7624960e+001
  2.6874880e+001
  2.6624960e+001
  2.6750080e+001
  2.7375040e+001
  2.7624960e+001
  2.8000000e+001
  2.7000000e+001
  2.6000000e+001
  2.5874880e+001
  2.5249920e+001
  2.5000000e+001
  2.5750080e+001
  2.5125120e+001
  2.5375040e+001
  2.6624960e+001
  2.6249920e+001
  2.6000000e+001
  2.6624960e+001
  2.7000000e+001
  2.6750080e+001
  2.6874880e+001
  2.5750080e+001
  2.6249920e+001
  2.6499840e+001
  2.5500160e+001
  2.5624960e+001
  2.6375040e+001
  2.6125120e+001
  2.6874880e+001
  2.8874880e+001
  2.8624960e+001
  2.9249920e+001
  2.7874880e+001
  2.7877667e+001
  2.8375040e+001
  2.8499840e+001
  2.9000000e+001
  2.8874880e+001
  2.8750080e+001
  2.7874880e+001
  2.7750080e+001
  2.8249920e+001
  2.8750080e+001
  2.8624960e+001
  2.8622098e+001
  2.8375040e+001
  2.8000000e+001
  2.8125120e+001
  2.8000000e+001
  2.9624960e+001
  2.9627922e+001
  3.0750080e+001
  3.0125120e+001
  3.0375040e+001
  3.0249920e+001
  2.9874880e+001
  2.9000000e+001
  2.8499840e+001
  2.8750080e+001
  2.8249920e+001
  3.0000000e+001
  2.9997000e+001
  3.0000000e+001
  2.9750080e+001
  3.0000000e+001
  2.8750080e+001
  2.8125120e+001
  2.8624960e+001
  2.8249920e+001
  2.8499840e+001
  2.9375040e+001
  2.9874880e+001
  2.9624960e+001
  2.9125120e+001
  2.8499840e+001
  2.8249920e+001
  2.9375040e+001
  3.0750080e+001
  3.1750080e+001
  3.1753255e+001
  3.1000000e+001
  3.1500160e+001
  3.2249920e+001
  3.2246695e+001
  3.2249920e+001
  3.2624962e+001
  3.2000000e+001
  3.2750080e+001
  3.3500160e+001
  3.3000000e+001
  3.1375040e+001
  3.2624962e+001
  3.3750080e+001
  3.3874882e+001
  3.2750080e+001
  3.3874882e+001
  3.3750080e+001
  3.3753455e+001
  3.5000000e+001
  3.5249920e+001
  3.6249920e+001
  3.6624962e+001
  3.5874882e+001
  3.6750080e+001
  3.6746405e+001
  3.6000000e+001
  3.5000000e+001
  3.4000000e+001
  3.5750080e+001
  3.5874882e+001
  3.6125118e+001
  3.6000000e+001
  3.5750080e+001
  3.5249920e+001
  3.5500160e+001
  3.6000000e+001
  3.6750080e+001
  3.6000000e+001
  3.5500160e+001
  3.4750080e+001
  3.4874882e+001
  3.4750080e+001
  3.4249920e+001
  3.4125118e+001
  3.5500160e+001
  3.5624962e+001
  3.6000000e+001
  3.6874882e+001
  3.7000000e+001
  3.6874882e+001
  3.7000000e+001
  3.7375038e+001
  3.7874882e+001
  3.8750080e+001
  3.9500160e+001
  3.9125118e+001
  3.9874882e+001
  4.1500160e+001
  4.1504310e+001
  4.0125118e+001
  4.1000000e+001
  4.0499840e+001
  3.8750080e+001
  4.0499840e+001
  4.1375038e+001
  4.1000000e+001
  4.0995900e+001
  4.0000000e+001
  3.8874882e+001
  3.9000000e+001
  3.9624962e+001
  4.0750080e+001
  4.1624962e+001
  4.3000000e+001
  4.4750080e+001
  4.4754555e+001
  4.5874882e+001
  4.5500160e+001
  4.5000000e+001
  4.6249920e+001
  4.5750080e+001
  4.5745505e+001
  4.5750080e+001
  4.4750080e+001
  4.5000000e+001
  4.6375038e+001
  4.7000000e+001
  4.6624962e+001
  4.8000000e+001
  4.7750080e+001
  4.9249920e+001
  4.8499840e+001
  4.7125118e+001
  4.7129831e+001
  4.8000000e+001
  4.8874882e+001
  4.8125118e+001
  4.8375038e+001
  4.8874882e+001
  4.9000000e+001
  4.7750080e+001
  4.8000000e+001
  4.7375038e+001
  4.6874882e+001
  4.6870195e+001
  4.8000000e+001
  4.7874882e+001
  4.7879669e+001
  4.7249920e+001
  4.8000000e+001
  4.9624962e+001
  5.0750080e+001
  5.1750080e+001
  5.3375038e+001
  5.4499840e+001
  5.5375038e+001
  5.4375038e+001
  5.3874882e+001
  5.3500160e+001
  5.5125118e+001
  5.6499840e+001
  5.8125118e+001
  5.8750080e+001
  5.8249920e+001
  5.9249920e+001
  6.0874882e+001
  6.1750080e+001
  5.9000000e+001
  5.6750080e+001
  5.5500160e+001
  5.8000000e+001
  5.7874882e+001
  5.6874882e+001
  5.7750080e+001
  5.7000000e+001
  5.5249920e+001
  5.6249920e+001
  5.6750080e+001
  5.7750080e+001
  5.7500160e+001
  5.8375038e+001
  5.7000000e+001
  5.7624962e+001
  5.7375038e+001
  5.6249920e+001
  5.5500160e+001
  5.3375038e+001
  5.3750080e+001
  5.3249920e+001
  5.1000000e+001
  5.0994900e+001
  5.3125118e+001
  5.3624962e+001
  5.2000000e+001
  5.2249920e+001
  5.2255145e+001
  5.2624962e+001
  5.2375038e+001
  5.2000000e+001
  5.2249920e+001
  5.3000000e+001
  5.2624962e+001
  5.2499840e+001
  5.3249920e+001
  5.3500160e+001
  5.2249920e+001
  5.0125118e+001
  5.0624962e+001
  5.2125118e+001
  5.2624962e+001
  5.2499840e+001
  5.3500160e+001
  5.4750080e+001
  5.4874882e+001
  5.5249920e+001
  5.5125118e+001
  5.6249920e+001
  5.6499840e+001
  5.7000000e+001
  5.6624962e+001
  5.4499840e+001
  5.4494390e+001
  5.4249920e+001
  5.4000000e+001
  5.4005400e+001
  5.4375038e+001
  5.5375038e+001
  5.6874882e+001
  5.6000000e+001
  5.6249920e+001
  5.7750080e+001
  5.8375038e+001
  5.9375038e+001
  5.8000000e+001
  5.6624962e+001
  5.4624962e+001
  5.6249920e+001
  5.6750080e+001
  5.8375038e+001
  5.8249920e+001
  5.9000000e+001
  5.7500160e+001
  5.7000000e+001
  5.8000000e+001
  5.5750080e+001
  5.6249920e+001
  5.5000000e+001
  5.3375038e+001
  5.5000000e+001
  5.4624962e+001
  5.3750080e+001
  5.4249920e+001
  5.2750080e+001
  5.2744805e+001
  5.4499840e+001
  5.3000000e+001
  5.3005300e+001
  5.2375038e+001
  4.9249920e+001
  4.9000000e+001
  5.0000000e+001
  4.9874882e+001
  4.8750080e+001
  5.0000000e+001
  4.9125118e+001
  4.9874882e+001
  4.9869895e+001
  4.9624962e+001
  4.8499840e+001
  4.8000000e+001
  4.7125118e+001
  4.7249920e+001
  4.6750080e+001
  4.8125118e+001
  4.8375038e+001
  4.9500160e+001
  5.0000000e+001
  5.0005000e+001
  4.8375038e+001
  4.7249920e+001
  4.6000000e+001
  4.4499840e+001
  4.4750080e+001
  4.4745605e+001
  4.4750080e+001
  4.4499840e+001
  4.4504290e+001
  4.4249920e+001
  4.5249920e+001
  4.5245395e+001
  4.7000000e+001
  4.6750080e+001
  4.6000000e+001
  4.5500160e+001
  4.6750080e+001
  4.7249920e+001
  4.6375038e+001
  4.6499840e+001
  4.6375038e+001
  4.6624962e+001
  4.6874882e+001
  4.8249920e+001
  4.9750080e+001
  5.1000000e+001
  5.1500160e+001
  5.1000000e+001
  5.0000000e+001
  5.1249920e+001
  5.1624962e+001
  5.2874882e+001
  5.2125118e+001
  5.2130331e+001
  5.2000000e+001
  5.2375038e+001
  5.2624962e+001
  5.3000000e+001
  5.3500160e+001
  5.2624962e+001
  5.3874882e+001
  5.3750080e+001
  5.3375038e+001
  5.4499840e+001
  5.5750080e+001
  5.6249920e+001
  5.5375038e+001
  5.4125118e+001
  5.4750080e+001
  5.5125118e+001
  5.3624962e+001
  5.2375038e+001
  5.2249920e+001
  5.3874882e+001
  5.4249920e+001
  5.5125118e+001
  5.6000000e+001
  5.7624962e+001
  5.9750080e+001
  5.9000000e+001
  5.7375038e+001
  5.7624962e+001
  5.8000000e+001
  5.7994200e+001
  5.8000000e+001
  5.7874882e+001
  5.8000000e+001
  5.8125118e+001
  5.7750080e+001
  5.8249920e+001
  5.8000000e+001
  5.7750080e+001
  5.8000000e+001
  5.7874882e+001
  5.7375038e+001
  5.7624962e+001
  5.7874882e+001
  5.8249920e+001
  6.0000000e+001
  5.9624962e+001
  5.9874882e+001
  5.8750080e+001
  5.8375038e+001
  5.9125118e+001
  5.9375038e+001
  5.9624962e+001
  5.9874882e+001
  6.0624962e+001
  5.9750080e+001
  5.9756055e+001
  5.9125118e+001
  5.9624962e+001
  6.0249920e+001
  6.0000000e+001
  5.9994000e+001
  6.1500160e+001
  6.3750080e+001
  6.5000000e+001
  6.6000000e+001
  6.5000000e+001
  6.5249924e+001
  6.5256449e+001
  6.5750076e+001
  6.6249924e+001
  6.6000000e+001
  6.5375038e+001
  6.6375038e+001
  6.7000000e+001
  6.6993300e+001
  6.6375038e+001
  6.8249924e+001
  6.7874878e+001
  6.8249924e+001
  6.8256749e+001
  6.7624962e+001
  6.7618200e+001
  6.7125122e+001
  3.3624962e+001
  3.3875038e+001
  3.3750080e+001
  3.3375038e+001
  3.3500000e+001
  3.3000000e+001
  3.2750080e+001
  3.3000000e+001
  3.3500000e+001
  3.3375038e+001
  3.3249920e+001
  3.2000000e+001
  3.1624960e+001
  3.1375040e+001
  3.0750080e+001
  3.2000000e+001
  3.3124962e+001
  3.4000000e+001
  3.3500000e+001
  3.3750080e+001
  3.4000000e+001
  3.3750080e+001
  3.4124962e+001
  3.3750080e+001
  3.3875038e+001
  3.4249920e+001
  3.4000000e+001
  3.4624962e+001
  3.6375038e+001
  3.7375038e+001
  3.6750080e+001
  3.6249920e+001
  3.6124962e+001
  3.6500000e+001
  3.6875038e+001
  3.6750080e+001
  3.6124962e+001
  3.6249920e+001
  3.5624962e+001
  3.5249920e+001
  3.5624962e+001
  3.5750080e+001
  3.5375038e+001
  3.5249920e+001
  3.4500000e+001
  3.4750080e+001
  3.4249920e+001
  3.4124962e+001
  3.4000000e+001
  3.4249920e+001
  3.4624962e+001
  3.4500000e+001
  3.4624962e+001
  3.4750080e+001
  3.4753555e+001
  3.4500000e+001
  3.5000000e+001
  3.5249920e+001
  3.5000000e+001
  3.5124962e+001
  3.5249920e+001
  3.5375038e+001
  3.5371500e+001
  3.5000000e+001
  3.4249920e+001
  3.3375038e+001
  3.3000000e+001
  3.3003300e+001
  3.3000000e+001
  3.2624962e+001
  3.2750080e+001
  3.2875038e+001
  3.3750080e+001
  3.4000000e+001
  3.3996600e+001
  3.4249920e+001
  3.4253345e+001
  3.4124962e+001
  3.3750080e+001
  3.3375038e+001
  3.3124962e+001
  3.2750080e+001
  3.2875038e+001
  3.3124962e+001
  3.3750080e+001
  3.4000000e+001
  3.4624962e+001
  3.5375038e+001
  3.6124962e+001
  3.5500000e+001
  3.5624962e+001
  3.4875038e+001
  3.4871550e+001
  3.4624962e+001
  3.3624962e+001
  3.4249920e+001
  3.3750080e+001
  3.4124962e+001
  3.3875038e+001
  3.3878426e+001
  3.3500000e+001
  3.2750080e+001
  3.3124962e+001
  3.2750080e+001
  3.3124962e+001
  3.3249920e+001
  3.3375038e+001
  3.2875038e+001
  3.2750080e+001
  3.2624962e+001
  3.2875038e+001
  3.3624962e+001
  3.4000000e+001
  3.4249920e+001
  3.4875038e+001
  3.4871550e+001
  3.4375038e+001
  3.4875038e+001
  3.4249920e+001
  3.4375038e+001
  3.4624962e+001
  3.4750080e+001
  3.4875038e+001
  3.4750080e+001
  3.4753555e+001
  3.4500000e+001
  3.4375038e+001
  3.4875038e+001
  3.5000000e+001
  3.5249920e+001
  3.5375038e+001
  3.5124962e+001
  3.5249920e+001
  3.5375038e+001
  3.5371500e+001
  3.5624962e+001
  3.5375038e+001
  3.5875038e+001
  3.6375038e+001
  3.6875038e+001
  3.7624962e+001
  3.8124962e+001
  3.7750080e+001
  3.7375038e+001
  3.7249920e+001
  3.7624962e+001
  3.7000000e+001
  3.6875038e+001
  3.6375038e+001
  3.6875038e+001
  3.6878726e+001
  3.8000000e+001
  3.8875038e+001
  3.9124962e+001
  3.9000000e+001
  3.8875038e+001
  3.8871150e+001
  3.8750080e+001
  3.8375038e+001
  3.8500000e+001
  3.8750080e+001
  3.8875038e+001
  3.8624962e+001
  3.7375038e+001
  3.6249920e+001
  3.7000000e+001
  3.6624962e+001
  3.6375038e+001
  3.6500000e+001
  3.7124962e+001
  3.6750080e+001
  3.7000000e+001
  3.7624962e+001
  3.7375038e+001
  3.7000000e+001
  3.5375038e+001
  3.6124962e+001
  3.6500000e+001
  3.7124962e+001
  3.6875038e+001
  3.6750080e+001
  3.6375038e+001
  3.6249920e+001
  3.5875038e+001
  3.5750080e+001
  3.5624962e+001
  3.5750080e+001
  3.6000000e+001
  3.5750080e+001
  3.5753655e+001
  3.5375038e+001
  3.5000000e+001
  3.4996500e+001
  3.5249920e+001
  3.5124962e+001
  3.5500000e+001
  3.5624962e+001
  3.6000000e+001
  3.6500000e+001
  3.6124962e+001
  3.6000000e+001
  3.6249920e+001
  3.6253545e+001
  3.6000000e+001
  3.5875038e+001
  3.6000000e+001
  3.6500000e+001
  3.6750080e+001
  3.6624962e+001
  3.6750080e+001
  3.6875038e+001
  3.6624962e+001
  3.6500000e+001
  3.5500000e+001
  3.4750080e+001
  3.4746605e+001
  3.4500000e+001
  3.4750080e+001
  3.4500000e+001
  3.4750080e+001
  3.4753555e+001
  3.4500000e+001
  3.4750080e+001
  3.4624962e+001
  3.4875038e+001
  3.5375038e+001
  3.5624962e+001
  3.6375038e+001
  3.6750080e+001
  3.7124962e+001
  3.7500000e+001
  3.7496250e+001
  3.8249920e+001
  3.8375038e+001
  3.8124962e+001
  3.7750080e+001
  3.7875038e+001
  3.8249920e+001
  3.8375038e+001
  3.8500000e+001
  3.8750080e+001
  3.8875038e+001
  3.9124962e+001
  3.9128874e+001
  3.9124962e+001
  3.9624962e+001
  4.0500000e+001
  4.0249920e+001
  4.0124962e+001
  4.0000000e+001
  3.9996000e+001
  4.0375038e+001
  4.0379076e+001
  4.0375038e+001
  4.0124962e+001
  3.9875038e+001
  3.9375038e+001
  3.8000000e+001
  3.7875038e+001
  3.7500000e+001
  3.7624962e+001
  3.7875038e+001
  3.8000000e+001
  3.8375038e+001
  3.8124962e+001
  3.8249920e+001
  3.8375038e+001
  3.8000000e+001
  3.7996200e+001
  3.8624962e+001
  3.9375038e+001
  3.9624962e+001
  4.0249920e+001
  4.0500000e+001
  4.0504050e+001
  4.1000000e+001
  4.0995900e+001
  4.0624962e+001
  4.1000000e+001
  4.0624962e+001
  4.0875038e+001
  3.9875038e+001
  4.0000000e+001
  4.0004000e+001
  4.1000000e+001
  4.0500000e+001
  4.1000000e+001
  4.0875038e+001
  4.0624962e+001
  4.0500000e+001
  4.0000000e+001
  3.9875038e+001
  3.9871050e+001
  3.9624962e+001
  3.9875038e+001
  4.0124962e+001
  4.0128974e+001
  4.0124962e+001
  4.0120950e+001
  3.8624962e+001
  3.8750080e+001
  3.8500000e+001
  3.8750080e+001
  3.8624962e+001
  3.8500000e+001
  3.9000000e+001
  3.8875038e+001
  3.8249920e+001
  3.8624962e+001
  3.8875038e+001
  3.8750080e+001
  3.7500000e+001
  3.7000000e+001
  3.7003700e+001
  3.6500000e+001
  3.5875038e+001
  3.5871450e+001
  3.5500000e+001
  3.5249920e+001
  3.5624962e+001
  3.5500000e+001
  3.5503550e+001
  3.5624962e+001
  3.5621400e+001
  3.5375038e+001
  3.6875038e+001
  3.7624962e+001
  3.7500000e+001
  3.7503750e+001
  3.7249920e+001
  3.6500000e+001
  3.6000000e+001
  3.5750080e+001
  3.5624962e+001
  3.6124962e+001
  3.6249920e+001
  3.5375038e+001
  3.5500000e+001
  3.5249920e+001
  3.5124962e+001
  3.5249920e+001
  3.5246395e+001
  3.4500000e+001
  3.4375038e+001
  3.4624962e+001
  3.5124962e+001
  3.5128474e+001
  3.4624962e+001
  3.4750080e+001
  3.5000000e+001
  3.5124962e+001
  3.4875038e+001
  3.4624962e+001
  3.4000000e+001
  3.3750080e+001
  3.3500000e+001
  3.4750080e+001
  3.4124962e+001
  3.4121550e+001
  3.4249920e+001
  3.4000000e+001
  3.3875038e+001
  3.3624962e+001
  3.4124962e+001
  3.4375038e+001
  3.4875038e+001
  3.4750080e+001
  3.4500000e+001
  3.3875038e+001
  3.4249920e+001
  3.4875038e+001
  3.5500000e+001
  3.5875038e+001
  3.5878626e+001
  3.7000000e+001
  3.7875038e+001
  3.6750080e+001
  3.7375038e+001
  3.6750080e+001
  3.6375038e+001
  3.6500000e+001
  3.6875038e+001
  3.7124962e+001
  3.7750080e+001
  3.8124962e+001
  3.8121150e+001
  3.7124962e+001
  3.7500000e+001
